[gd_scene load_steps=15 format=3 uid="uid://hp6dsdvlegyw"]

[ext_resource type="PackedScene" uid="uid://buibutlg2i1hw" path="res://winner.tscn" id="2_68v48"]
[ext_resource type="Texture2D" uid="uid://doyv3d7coleb2" path="res://addons/kenney_particle_pack/smoke_07.png" id="3_ej3l8"]
[ext_resource type="Shader" path="res://sky.gdshader" id="3_m8lfg"]
[ext_resource type="PackedScene" uid="uid://bc2g7q8u5addo" path="res://treefab.tscn" id="3_nv060"]
[ext_resource type="PackedScene" uid="uid://b8rsjrdtkncjv" path="res://404_snowbank.tscn" id="4_uwh7l"]

[sub_resource type="BoxMesh" id="BoxMesh_ekfgf"]

[sub_resource type="StandardMaterial3D" id="StandardMaterial3D_xiaoq"]
albedo_color = Color(0.605274, 0.605274, 0.605274, 1)

[sub_resource type="ConcavePolygonShape3D" id="ConcavePolygonShape3D_j6b4a"]
data = PackedVector3Array(-0.5, 0.5, 0.5, 0.5, 0.5, 0.5, -0.5, -0.5, 0.5, 0.5, 0.5, 0.5, 0.5, -0.5, 0.5, -0.5, -0.5, 0.5, 0.5, 0.5, -0.5, -0.5, 0.5, -0.5, 0.5, -0.5, -0.5, -0.5, 0.5, -0.5, -0.5, -0.5, -0.5, 0.5, -0.5, -0.5, 0.5, 0.5, 0.5, 0.5, 0.5, -0.5, 0.5, -0.5, 0.5, 0.5, 0.5, -0.5, 0.5, -0.5, -0.5, 0.5, -0.5, 0.5, -0.5, 0.5, -0.5, -0.5, 0.5, 0.5, -0.5, -0.5, -0.5, -0.5, 0.5, 0.5, -0.5, -0.5, 0.5, -0.5, -0.5, -0.5, 0.5, 0.5, 0.5, -0.5, 0.5, 0.5, 0.5, 0.5, -0.5, -0.5, 0.5, 0.5, -0.5, 0.5, -0.5, 0.5, 0.5, -0.5, -0.5, -0.5, 0.5, 0.5, -0.5, 0.5, -0.5, -0.5, -0.5, 0.5, -0.5, 0.5, 0.5, -0.5, -0.5, -0.5, -0.5, -0.5)

[sub_resource type="ShaderMaterial" id="ShaderMaterial_dcrh5"]
shader = ExtResource("3_m8lfg")

[sub_resource type="Sky" id="Sky_urlvp"]
sky_material = SubResource("ShaderMaterial_dcrh5")

[sub_resource type="Environment" id="Environment_xf138"]
background_mode = 1
background_color = Color(0.561285, 0.464423, 0.529705, 1)
sky = SubResource("Sky_urlvp")
ambient_light_source = 1
ambient_light_color = Color(0.051971, 0.051971, 0.051971, 1)
ambient_light_sky_contribution = 0.6
ambient_light_energy = 0.33

[sub_resource type="ParticleProcessMaterial" id="ParticleProcessMaterial_m1pao"]
emission_shape_scale = Vector3(100, 100, 100)
emission_shape = 3
emission_box_extents = Vector3(1, 1, 1)

[sub_resource type="StandardMaterial3D" id="StandardMaterial3D_mtxd3"]
transparency = 1
cull_mode = 2
albedo_texture = ExtResource("3_ej3l8")
emission_enabled = true
emission = Color(0.712129, 0.712129, 0.712129, 1)

[sub_resource type="QuadMesh" id="QuadMesh_no1x3"]
material = SubResource("StandardMaterial3D_mtxd3")

[node name="main" type="Node3D"]
transform = Transform3D(0.998702, 0, 0, 0, 0.998702, 0, 0, 0, 0.998702, 0, 0, 0)

[node name="winner" parent="." instance=ExtResource("2_68v48")]
transform = Transform3D(0.8, 0, 0, 0, 0.8, 0, 0, 0, 0.8, 11.1129, 2.17486, 12.1585)

[node name="luz" type="DirectionalLight3D" parent="."]
transform = Transform3D(-0.0269732, -0.602233, -0.799493, 0.298008, -0.768345, 0.568716, -0.955544, -0.222626, 0.199935, 0, 86.7834, 0)

[node name="everything" type="Node3D" parent="."]
transform = Transform3D(0.821796, 0, 0.569782, 0, 1, 0, -0.569782, 0, 0.821796, -6.55894, 0, -1.66315)

[node name="ground_dummy" type="StaticBody3D" parent="everything"]
transform = Transform3D(-1.36083, 0, -1.28387, 0, 1, 0, 2.14606, 0, -0.814109, 39.0927, 0, -32.2138)

[node name="MeshInstance3D" type="MeshInstance3D" parent="everything/ground_dummy"]
transform = Transform3D(68.908, 0, -5.72205e-06, 0, 1, 0, -4.57764e-05, 0, 73.4074, 13.6329, 0, -3.29391)
mesh = SubResource("BoxMesh_ekfgf")
surface_material_override/0 = SubResource("StandardMaterial3D_xiaoq")

[node name="CollisionShape3D" type="CollisionShape3D" parent="everything/ground_dummy"]
transform = Transform3D(68.9079, 0, 0, 0, 1, 0, 0, 0, 73.4074, 0, 0, 0)
shape = SubResource("ConcavePolygonShape3D_j6b4a")

[node name="treefab" parent="everything" instance=ExtResource("3_nv060")]
transform = Transform3D(-0.440064, 0, -0.897967, 0, 1, 0, 0.897967, 0, -0.440064, 42.8893, 0, -21.7839)

[node name="treefab2" parent="everything" instance=ExtResource("3_nv060")]
transform = Transform3D(-0.535517, 0, -0.844525, 0, 1, 0, 0.844525, 0, -0.535517, 42.1932, 0, -17.7803)

[node name="treefab33" parent="everything" instance=ExtResource("3_nv060")]
transform = Transform3D(-0.176088, 0, -0.984375, 0, 1, 0, 0.984375, 0, -0.176088, 52.4008, 0, -34.2861)

[node name="treefab34" parent="everything" instance=ExtResource("3_nv060")]
transform = Transform3D(-0.282559, 0, -0.959251, 0, 1, 0, 0.959251, 0, -0.282559, 52.8328, 0, -30.2455)

[node name="treefab35" parent="everything" instance=ExtResource("3_nv060")]
transform = Transform3D(-0.176088, 0, -0.984375, 0, 1, 0, 0.984375, 0, -0.176088, 62.3231, 0, -4.06067)

[node name="treefab36" parent="everything" instance=ExtResource("3_nv060")]
transform = Transform3D(-0.282559, 0, -0.959251, 0, 1, 0, 0.959251, 0, -0.282559, 62.7551, 0, -0.0200456)

[node name="treefab3" parent="everything" instance=ExtResource("3_nv060")]
transform = Transform3D(-0.536213, 0, -0.845622, 0, 1.0013, 0, 0.845622, 0, -0.536213, 52.5243, 0, -10.4349)

[node name="treefab6" parent="everything" instance=ExtResource("3_nv060")]
transform = Transform3D(-0.535517, 0, -0.844525, 0, 1, 0, 0.844525, 0, -0.535517, 36.4786, 0, -10.6871)

[node name="treefab7" parent="everything" instance=ExtResource("3_nv060")]
transform = Transform3D(-0.535517, 0, -0.844525, 0, 1, 0, 0.844525, 0, -0.535517, 38.8196, 0, -6.99393)

[node name="treefab8" parent="everything" instance=ExtResource("3_nv060")]
transform = Transform3D(-0.440636, 0, -0.899134, 0, 1.0013, 0, 0.899134, 0, -0.440636, 38.4345, 0, 0.661939)

[node name="treefab28" parent="everything" instance=ExtResource("3_nv060")]
transform = Transform3D(-0.440636, 0, -0.899134, 0, 1.0013, 0, 0.899134, 0, -0.440636, 38.4345, 0, 0.661939)

[node name="treefab9" parent="everything" instance=ExtResource("3_nv060")]
transform = Transform3D(0.0588949, 0, -0.999566, 0, 1.0013, 0, 0.999566, 0, 0.0588949, 12.779, 0, -30.2197)

[node name="treefab10" parent="everything" instance=ExtResource("3_nv060")]
transform = Transform3D(0.0588184, 0, -0.998269, 0, 1, 0, 0.998269, 0, 0.0588184, 12.9966, 0, -26.1365)

[node name="treefab11" parent="everything" instance=ExtResource("3_nv060")]
transform = Transform3D(0.0588949, 0, -0.999566, 0, 1.0013, 0, 0.999566, 0, 0.0588949, 16.3432, 0, -19.4948)

[node name="treefab15" parent="everything" instance=ExtResource("3_nv060")]
transform = Transform3D(0.0588949, 0, -0.999566, 0, 1.0013, 0, 0.999566, 0, 0.0588949, 16.3432, 0, -19.4948)

[node name="treefab32" parent="everything" instance=ExtResource("3_nv060")]
transform = Transform3D(0.0588949, 0, -0.999566, 0, 1.0013, 0, 0.999566, 0, 0.0588949, 20.8403, 0, -21.4161)

[node name="treefab12" parent="everything" instance=ExtResource("3_nv060")]
transform = Transform3D(0.966815, 0, 0.260522, 0, 1.0013, 0, -0.260522, 0, 0.966815, 11.4231, 0, -40.9539)

[node name="treefab13" parent="everything" instance=ExtResource("3_nv060")]
transform = Transform3D(0.96556, 0, 0.260184, 0, 1, 0, -0.260184, 0, 0.96556, 15.3771, 0, -41.9957)

[node name="treefab16" parent="everything" instance=ExtResource("3_nv060")]
transform = Transform3D(0.0588949, 0, -0.999566, 0, 1.0013, 0, 0.999566, 0, 0.0588949, 27.0573, 0, -41.8833)

[node name="treefab17" parent="everything" instance=ExtResource("3_nv060")]
transform = Transform3D(0.0588184, 0, -0.99827, 0, 1, 0, 0.99827, 0, 0.0588184, 27.2749, 0, -37.8001)

[node name="treefab37" parent="everything" instance=ExtResource("3_nv060")]
transform = Transform3D(0.0588949, 0, -0.999566, 0, 1.0013, 0, 0.999566, 0, 0.0588949, 34.1265, 0, 4.77511)

[node name="treefab38" parent="everything" instance=ExtResource("3_nv060")]
transform = Transform3D(0.0588184, 0, -0.99827, 0, 1, 0, 0.99827, 0, 0.0588184, 34.3441, 0, 8.85829)

[node name="treefab39" parent="everything" instance=ExtResource("3_nv060")]
transform = Transform3D(0.0588949, 0, -0.999566, 0, 1.0013, 0, 0.999566, 0, 0.0588949, 27.7566, 0, 13.936)

[node name="treefab40" parent="everything" instance=ExtResource("3_nv060")]
transform = Transform3D(0.0588184, 0, -0.99827, 0, 1, 0, 0.99827, 0, 0.0588184, 27.9743, 0, 18.0192)

[node name="treefab41" parent="everything" instance=ExtResource("3_nv060")]
transform = Transform3D(0.058895, 0, -0.999566, 0, 1.0013, 0, 0.999566, 0, 0.058895, 28.1083, 0, 23.6127)

[node name="treefab42" parent="everything" instance=ExtResource("3_nv060")]
transform = Transform3D(0.0588185, 0, -0.998271, 0, 1, 0, 0.998271, 0, 0.0588185, 28.3259, 0, 27.6958)

[node name="treefab43" parent="everything" instance=ExtResource("3_nv060")]
transform = Transform3D(0.058895, 0, -0.999566, 0, 1.0013, 0, 0.999566, 0, 0.058895, 16.8919, 0, 29.6323)

[node name="treefab44" parent="everything" instance=ExtResource("3_nv060")]
transform = Transform3D(0.0588185, 0, -0.998271, 0, 1, 0, 0.998271, 0, 0.0588185, 17.1095, 0, 33.7155)

[node name="treefab45" parent="everything" instance=ExtResource("3_nv060")]
transform = Transform3D(-0.904315, 0, 0.429903, 0, 1.0013, 0, -0.429903, 0, -0.904315, 11.3331, 0, 33.6059)

[node name="treefab46" parent="everything" instance=ExtResource("3_nv060")]
transform = Transform3D(-0.903143, 0, 0.429346, 0, 1, 0, -0.429346, 0, -0.903143, 7.65003, 0, 31.8297)

[node name="treefab47" parent="everything" instance=ExtResource("3_nv060")]
transform = Transform3D(-0.904315, 0, 0.429903, 0, 1.0013, 0, -0.429903, 0, -0.904315, 8.95051, 0, 26.6394)

[node name="treefab48" parent="everything" instance=ExtResource("3_nv060")]
transform = Transform3D(-0.903143, 0, 0.429346, 0, 1, 0, -0.429346, 0, -0.903143, 5.26747, 0, 24.8632)

[node name="treefab49" parent="everything" instance=ExtResource("3_nv060")]
transform = Transform3D(-0.466496, 0, -0.884526, 0, 1, 0, 0.884526, 0, -0.466496, 1.45585, 0, 27.2364)

[node name="treefab50" parent="everything" instance=ExtResource("3_nv060")]
transform = Transform3D(-0.551124, 0, 0.835982, 0, 1.0013, 0, -0.835982, 0, -0.551124, -3.4295, 0, 24.1521)

[node name="treefab51" parent="everything" instance=ExtResource("3_nv060")]
transform = Transform3D(-0.550409, 0, 0.834898, 0, 1, 0, -0.834898, 0, -0.550409, -5.66095, 0, 20.7257)

[node name="treefab61" parent="everything" instance=ExtResource("3_nv060")]
transform = Transform3D(-0.904315, 0, 0.429904, 0, 1.0013, 0, -0.429904, 0, -0.904315, 8.95051, 0, 41.4678)

[node name="treefab62" parent="everything" instance=ExtResource("3_nv060")]
transform = Transform3D(-0.903143, 0, 0.429346, 0, 1, 0, -0.429346, 0, -0.903143, 5.26747, 0, 39.6915)

[node name="treefab63" parent="everything" instance=ExtResource("3_nv060")]
transform = Transform3D(-0.466496, 0, -0.884526, 0, 1, 0, 0.884526, 0, -0.466496, 1.45585, 0, 42.0647)

[node name="treefab64" parent="everything" instance=ExtResource("3_nv060")]
transform = Transform3D(-0.551124, 0, 0.835982, 0, 1.0013, 0, -0.835982, 0, -0.551124, -3.4295, 0, 38.9805)

[node name="treefab65" parent="everything" instance=ExtResource("3_nv060")]
transform = Transform3D(-0.55041, 0, 0.834898, 0, 1, 0, -0.834898, 0, -0.55041, -5.66095, 0, 35.554)

[node name="treefab66" parent="everything" instance=ExtResource("3_nv060")]
transform = Transform3D(-0.934224, 0, -0.360318, 0, 1.0013, 0, 0.360318, 0, -0.934224, 28.0284, 0, 35.695)

[node name="treefab67" parent="everything" instance=ExtResource("3_nv060")]
transform = Transform3D(-0.933013, 0, -0.359851, 0, 1, 0, 0.359851, 0, -0.933013, 24.2051, 0, 37.145)

[node name="treefab68" parent="everything" instance=ExtResource("3_nv060")]
transform = Transform3D(0.320779, 0, -0.947157, 0, 1, 0, 0.947157, 0, 0.320779, 23.3041, 0, 41.5437)

[node name="treefab69" parent="everything" instance=ExtResource("3_nv060")]
transform = Transform3D(-0.985821, 0, 0.175389, 0, 1.0013, 0, -0.175389, 0, -0.985821, 17.7044, 0, 42.966)

[node name="treefab76" parent="everything" instance=ExtResource("3_nv060")]
transform = Transform3D(0.673337, 0, -0.739339, 0, 1, 0, 0.739339, 0, 0.673337, 29.7149, 0, 30.1961)

[node name="treefab77" parent="everything" instance=ExtResource("3_nv060")]
transform = Transform3D(-0.499984, 0, -0.867536, 0, 1.0013, 0, 0.867536, 0, -0.499984, 34.5124, 0, 36.6038)

[node name="treefab78" parent="everything" instance=ExtResource("3_nv060")]
transform = Transform3D(-0.499336, 0, -0.866411, 0, 1, 0, 0.866411, 0, -0.499336, 32.4508, 0, 40.135)

[node name="treefab79" parent="everything" instance=ExtResource("3_nv060")]
transform = Transform3D(0.844919, 0, -0.5349, 0, 1, 0, 0.5349, 0, 0.844919, 34.5156, 0, 44.1222)

[node name="treefab80" parent="everything" instance=ExtResource("3_nv060")]
transform = Transform3D(-0.876899, 0, -0.483375, 0, 1.0013, 0, 0.483375, 0, -0.876899, 31.0551, 0, 48.7487)

[node name="treefab81" parent="everything" instance=ExtResource("3_nv060")]
transform = Transform3D(0.673337, 0, -0.739339, 0, 1, 0, 0.739339, 0, 0.673337, 39.5741, 0, 7.48767)

[node name="treefab82" parent="everything" instance=ExtResource("3_nv060")]
transform = Transform3D(-0.499984, 0, -0.867536, 0, 1.0013, 0, 0.867536, 0, -0.499984, 44.3716, 0, 13.8954)

[node name="treefab83" parent="everything" instance=ExtResource("3_nv060")]
transform = Transform3D(-0.499336, 0, -0.866411, 0, 1, 0, 0.866411, 0, -0.499336, 42.31, 0, 17.4266)

[node name="treefab84" parent="everything" instance=ExtResource("3_nv060")]
transform = Transform3D(0.844919, 0, -0.5349, 0, 1, 0, 0.5349, 0, 0.844919, 44.3747, 0, 21.4138)

[node name="treefab85" parent="everything" instance=ExtResource("3_nv060")]
transform = Transform3D(-0.876899, 0, -0.483375, 0, 1.0013, 0, 0.483375, 0, -0.876899, 40.9142, 0, 26.0403)

[node name="treefab86" parent="everything" instance=ExtResource("3_nv060")]
transform = Transform3D(0.673337, 0, -0.739339, 0, 1, 0, 0.739339, 0, 0.673337, 58.7755, 0, -31.0968)

[node name="treefab87" parent="everything" instance=ExtResource("3_nv060")]
transform = Transform3D(-0.499985, 0, -0.867536, 0, 1.0013, 0, 0.867536, 0, -0.499985, 63.573, 0, -24.6891)

[node name="treefab88" parent="everything" instance=ExtResource("3_nv060")]
transform = Transform3D(-0.499337, 0, -0.866411, 0, 1, 0, 0.866411, 0, -0.499337, 61.5114, 0, -21.1579)

[node name="treefab89" parent="everything" instance=ExtResource("3_nv060")]
transform = Transform3D(0.844919, 0, -0.5349, 0, 1, 0, 0.5349, 0, 0.844919, 63.5761, 0, -17.1707)

[node name="treefab106" parent="everything" instance=ExtResource("3_nv060")]
transform = Transform3D(-0.580561, 0, -0.814218, 0, 1, 0, 0.814218, 0, -0.580561, 12.5655, 0, -43.0679)

[node name="treefab107" parent="everything" instance=ExtResource("3_nv060")]
transform = Transform3D(-0.823254, 0, -0.569962, 0, 1.0013, 0, 0.569962, 0, -0.823254, 22.5264, 0, -61.1752)

[node name="treefab108" parent="everything" instance=ExtResource("3_nv060")]
transform = Transform3D(0.534575, 0, -0.845125, 0, 1, 0, 0.845125, 0, 0.534575, 19.3105, 0, -54.3794)

[node name="treefab90" parent="everything" instance=ExtResource("3_nv060")]
transform = Transform3D(-0.876899, 0, -0.483376, 0, 1.0013, 0, 0.483376, 0, -0.876899, 60.1157, 0, -12.5442)

[node name="treefab70" parent="everything" instance=ExtResource("3_nv060")]
transform = Transform3D(-0.984543, 0, 0.175161, 0, 1, 0, -0.175161, 0, -0.984543, 13.6827, 0, 42.2272)

[node name="treefab71" parent="everything" instance=ExtResource("3_nv060")]
transform = Transform3D(-0.388052, 0, 0.923049, 0, 1.0013, 0, -0.923049, 0, -0.388052, -7.1377, 0, 37.2871)

[node name="treefab72" parent="everything" instance=ExtResource("3_nv060")]
transform = Transform3D(-0.387549, 0, 0.921852, 0, 1, 0, -0.921852, 0, -0.387549, -8.70125, 0, 33.5089)

[node name="treefab73" parent="everything" instance=ExtResource("3_nv060")]
transform = Transform3D(-0.937157, 0, -0.348917, 0, 1, 0, 0.348917, 0, -0.937157, -13.1249, 0, 32.7396)

[node name="treefab74" parent="everything" instance=ExtResource("3_nv060")]
transform = Transform3D(0.145876, 0, 0.990618, 0, 1.0013, 0, -0.990618, 0, 0.145876, -14.7138, 0, 27.1849)

[node name="treefab75" parent="everything" instance=ExtResource("3_nv060")]
transform = Transform3D(0.145686, 0, 0.989334, 0, 1, 0, -0.989334, 0, 0.145686, -14.0954, 0, 23.1429)

[node name="treefab52" parent="everything" instance=ExtResource("3_nv060")]
transform = Transform3D(-0.550409, 0, 0.834898, 0, 1, 0, -0.834898, 0, -0.550409, -4.09271, 0, 13.532)

[node name="treefab53" parent="everything" instance=ExtResource("3_nv060")]
transform = Transform3D(-0.89652, 0, -0.44301, 0, 1, 0, 0.44301, 0, -0.89652, -7.0916, 0, 10.9235)

[node name="treefab54" parent="everything" instance=ExtResource("3_nv060")]
transform = Transform3D(0.0437113, 0, 1.00035, 0, 1.0013, 0, -1.00035, 0, 0.0437113, -9.2407, 0, 5.56065)

[node name="treefab55" parent="everything" instance=ExtResource("3_nv060")]
transform = Transform3D(0.0436542, 0, 0.99905, 0, 1, 0, -0.99905, 0, 0.0436542, -9.03931, 0, 1.47662)

[node name="treefab91" parent="everything" instance=ExtResource("3_nv060")]
transform = Transform3D(-0.550409, 0, 0.834898, 0, 1, 0, -0.834898, 0, -0.550409, -14.4424, 0, 13.532)

[node name="treefab92" parent="everything" instance=ExtResource("3_nv060")]
transform = Transform3D(-0.89652, 0, -0.44301, 0, 1, 0, 0.44301, 0, -0.89652, -17.4413, 0, 10.9235)

[node name="treefab93" parent="everything" instance=ExtResource("3_nv060")]
transform = Transform3D(0.0437113, 0, 1.00035, 0, 1.0013, 0, -1.00035, 0, 0.0437113, -19.5904, 0, 5.56065)

[node name="treefab94" parent="everything" instance=ExtResource("3_nv060")]
transform = Transform3D(0.0436542, 0, 0.99905, 0, 1, 0, -0.99905, 0, 0.0436542, -19.389, 0, 1.47662)

[node name="treefab95" parent="everything" instance=ExtResource("3_nv060")]
transform = Transform3D(0.406435, 0, 0.913683, 0, 1, 0, -0.913683, 0, 0.406435, -5.31093, 0, -10.9883)

[node name="treefab96" parent="everything" instance=ExtResource("3_nv060")]
transform = Transform3D(-0.85645, 0, 0.516236, 0, 1, 0, -0.516236, 0, -0.85645, -4.73077, 0, -14.9203)

[node name="treefab97" parent="everything" instance=ExtResource("3_nv060")]
transform = Transform3D(0.866084, 0, 0.502495, 0, 1.0013, 0, -0.502495, 0, 0.866084, -1.37264, 0, -19.6216)

[node name="treefab98" parent="everything" instance=ExtResource("3_nv060")]
transform = Transform3D(0.864961, 0, 0.501845, 0, 1, 0, -0.501845, 0, 0.864961, 2.17562, 0, -21.6538)

[node name="treefab99" parent="everything" instance=ExtResource("3_nv060")]
transform = Transform3D(0.406435, 0, 0.913683, 0, 1, 0, -0.913683, 0, 0.406435, -5.31093, 0, -29.5444)

[node name="treefab100" parent="everything" instance=ExtResource("3_nv060")]
transform = Transform3D(-0.85645, 0, 0.516236, 0, 1, 0, -0.516236, 0, -0.85645, -4.73077, 0, -33.4764)

[node name="treefab101" parent="everything" instance=ExtResource("3_nv060")]
transform = Transform3D(0.866084, 0, 0.502495, 0, 1.0013, 0, -0.502495, 0, 0.866084, -1.37264, 0, -38.1777)

[node name="treefab102" parent="everything" instance=ExtResource("3_nv060")]
transform = Transform3D(0.864961, 0, 0.501845, 0, 1, 0, -0.501845, 0, 0.864961, 2.17562, 0, -40.2099)

[node name="treefab56" parent="everything" instance=ExtResource("3_nv060")]
transform = Transform3D(0.0436542, 0, 0.99905, 0, 1, 0, -0.99905, 0, 0.0436542, -3.55105, 0, -3.43128)

[node name="treefab57" parent="everything" instance=ExtResource("3_nv060")]
transform = Transform3D(0.960292, 0, -0.279009, 0, 1, 0, 0.279009, 0, 0.960292, 6.61772, 0, -16.4982)

[node name="treefab58" parent="everything" instance=ExtResource("3_nv060")]
transform = Transform3D(-0.708015, 0, -0.708039, 0, 1.0013, 0, 0.708039, 0, -0.708015, 4.57938, 0, -11.0923)

[node name="treefab59" parent="everything" instance=ExtResource("3_nv060")]
transform = Transform3D(-0.707097, 0, -0.707121, 0, 1, 0, 0.707121, 0, -0.707097, 1.67191, 0, -8.21712)

[node name="treefab60" parent="everything" instance=ExtResource("3_nv060")]
transform = Transform3D(-0.707097, 0, -0.707121, 0, 1, 0, 0.707121, 0, -0.707097, -5.69019, 0, -8.30606)

[node name="treefab18" parent="everything" instance=ExtResource("3_nv060")]
transform = Transform3D(0.966815, 0, 0.260522, 0, 1.0013, 0, -0.260522, 0, 0.966815, 25.7013, 0, -52.6176)

[node name="treefab19" parent="everything" instance=ExtResource("3_nv060")]
transform = Transform3D(0.96556, 0, 0.260184, 0, 1, 0, -0.260184, 0, 0.96556, 29.6554, 0, -53.6593)

[node name="treefab31" parent="everything" instance=ExtResource("3_nv060")]
transform = Transform3D(0.96556, 0, 0.260184, 0, 1, 0, -0.260184, 0, 0.96556, 33.7612, 0, -53.6593)

[node name="treefab103" parent="everything" instance=ExtResource("3_nv060")]
transform = Transform3D(0.966815, 0, 0.260522, 0, 1.0013, 0, -0.260522, 0, 0.966815, 25.7013, 0, -52.6176)

[node name="treefab104" parent="everything" instance=ExtResource("3_nv060")]
transform = Transform3D(0.96556, 0, 0.260184, 0, 1, 0, -0.260184, 0, 0.96556, 29.6554, 0, -53.6593)

[node name="treefab105" parent="everything" instance=ExtResource("3_nv060")]
transform = Transform3D(0.96556, 0, 0.260184, 0, 1, 0, -0.260184, 0, 0.96556, 33.7612, 0, -53.6593)

[node name="treefab29" parent="everything" instance=ExtResource("3_nv060")]
transform = Transform3D(-0.625162, 0, -0.780496, 0, 1, 0, 0.780496, 0, -0.625162, 54.2559, 0, -24.5146)

[node name="treefab30" parent="everything" instance=ExtResource("3_nv060")]
transform = Transform3D(-0.625162, 0, -0.780497, 0, 1, 0, 0.780497, 0, -0.625162, 49.6304, 0, -25.0294)

[node name="treefab20" parent="everything" instance=ExtResource("3_nv060")]
transform = Transform3D(0.0588949, 0, -0.999566, 0, 1.0013, 0, 0.999566, 0, 0.0588949, 49.7366, 0, 0.148932)

[node name="treefab21" parent="everything" instance=ExtResource("3_nv060")]
transform = Transform3D(0.0588184, 0, -0.99827, 0, 1, 0, 0.99827, 0, 0.0588184, 49.9542, 0, 4.23213)

[node name="treefab22" parent="everything" instance=ExtResource("3_nv060")]
transform = Transform3D(0.966815, 0, 0.260522, 0, 1.0013, 0, -0.260522, 0, 0.966815, 48.3807, 0, -10.5853)

[node name="treefab23" parent="everything" instance=ExtResource("3_nv060")]
transform = Transform3D(0.96556, 0, 0.260184, 0, 1, 0, -0.260184, 0, 0.96556, 52.3347, 0, -11.6271)

[node name="treefab24" parent="everything" instance=ExtResource("3_nv060")]
transform = Transform3D(0.0588949, 0, -0.999566, 0, 1.0013, 0, 0.999566, 0, 0.0588949, 49.7366, 0, 0.148932)

[node name="treefab109" parent="everything" instance=ExtResource("3_nv060")]
transform = Transform3D(-0.368887, 0, -0.929475, 0, 1, 0, 0.929475, 0, -0.368887, 59.7527, 0, 24.2)

[node name="treefab110" parent="everything" instance=ExtResource("3_nv060")]
transform = Transform3D(-0.6932, 0, -0.720746, 0, 1, 0, 0.720746, 0, -0.6932, 35.7492, 0, 12.552)

[node name="treefab111" parent="everything" instance=ExtResource("3_nv060")]
transform = Transform3D(-0.6932, 0, -0.720746, 0, 1, 0, 0.720746, 0, -0.6932, 37.3065, 0, 16.6379)

[node name="treefab112" parent="everything" instance=ExtResource("3_nv060")]
transform = Transform3D(0.512344, 0, -0.858783, 0, 1, 0, 0.858783, 0, 0.512344, 61.6689, 0, -3.00045)

[node name="treefab113" parent="everything" instance=ExtResource("3_nv060")]
transform = Transform3D(-0.662972, 0, -0.750381, 0, 1.0013, 0, 0.750381, 0, -0.662972, 65.092, 0, 4.23538)

[node name="treefab114" parent="everything" instance=ExtResource("3_nv060")]
transform = Transform3D(0.721255, 0, -0.692675, 0, 1, 0, 0.692675, 0, 0.721255, 63.5954, 0, 11.6033)

[node name="treefab115" parent="everything" instance=ExtResource("3_nv060")]
transform = Transform3D(-0.768274, 0, -0.640123, 0, 1, 0, 0.640123, 0, -0.768274, 55.9273, 0, 2.54805)

[node name="treefab116" parent="everything" instance=ExtResource("3_nv060")]
transform = Transform3D(-0.768274, 0, -0.640124, 0, 1, 0, 0.640124, 0, -0.768274, 51.4974, 0, 1.12102)

[node name="treefab117" parent="everything" instance=ExtResource("3_nv060")]
transform = Transform3D(-0.141655, 0, -0.991229, 0, 1.0013, 0, 0.991229, 0, -0.141655, 46.5795, 0, 25.8146)

[node name="treefab118" parent="everything" instance=ExtResource("3_nv060")]
transform = Transform3D(-0.189542, 0, 0.981874, 0, 1, 0, -0.981874, 0, -0.189542, 55.2521, 0, -58.9288)

[node name="treefab119" parent="everything" instance=ExtResource("3_nv060")]
transform = Transform3D(0.196134, 0, 0.980578, 0, 1, 0, -0.980578, 0, 0.196134, 81.7511, 0, -62.0358)

[node name="treefab120" parent="everything" instance=ExtResource("3_nv060")]
transform = Transform3D(0.196134, 0, 0.980578, 0, 1, 0, -0.980578, 0, 0.196134, 78.239, 0, -64.6406)

[node name="treefab121" parent="everything" instance=ExtResource("3_nv060")]
transform = Transform3D(-0.894102, 0, 0.447869, 0, 1, 0, -0.447869, 0, -0.894102, 68.2814, 0, -34.9752)

[node name="treefab122" parent="everything" instance=ExtResource("3_nv060")]
transform = Transform3D(0.154705, 0, 0.989278, 0, 1.0013, 0, -0.989278, 0, 0.154705, 61.5012, 0, -39.23)

[node name="treefab123" parent="everything" instance=ExtResource("3_nv060")]
transform = Transform3D(-0.980724, 0, 0.195417, 0, 1, 0, -0.195417, 0, -0.980724, 58.7956, 0, -46.2447)

[node name="treefab124" parent="everything" instance=ExtResource("3_nv060")]
transform = Transform3D(0.302804, 0, 0.953054, 0, 1, 0, -0.953054, 0, 0.302804, 70.1328, 0, -42.7421)

[node name="treefab125" parent="everything" instance=ExtResource("3_nv060")]
transform = Transform3D(0.302803, 0, 0.953055, 0, 1, 0, -0.953055, 0, 0.302803, 74.6341, 0, -43.9244)

[node name="treefab126" parent="everything" instance=ExtResource("3_nv060")]
transform = Transform3D(-0.414278, 0, 0.911579, 0, 1.0013, 0, -0.911579, 0, -0.414278, 65.484, 0, -67.3816)

[node name="treefab127" parent="everything" instance=ExtResource("3_nv060")]
transform = Transform3D(0.299524, 0, 0.95409, 0, 1, 0, -0.95409, 0, 0.299524, 64.6682, 0, -79.3428)

[node name="treefab128" parent="everything" instance=ExtResource("3_nv060")]
transform = Transform3D(0.638311, 0, 0.76978, 0, 1, 0, -0.76978, 0, 0.638311, 89.4635, 0, -69.4918)

[node name="treefab129" parent="everything" instance=ExtResource("3_nv060")]
transform = Transform3D(0.638311, 0, 0.76978, 0, 1, 0, -0.76978, 0, 0.638311, 87.6098, 0, -73.452)

[node name="treefab130" parent="everything" instance=ExtResource("3_nv060")]
transform = Transform3D(-0.574121, 0, 0.818773, 0, 1, 0, -0.818773, 0, -0.574121, 64.7579, 0, -52.075)

[node name="treefab131" parent="everything" instance=ExtResource("3_nv060")]
transform = Transform3D(0.605985, 0, 0.797112, 0, 1.0013, 0, -0.797112, 0, 0.605985, 60.8119, 0, -59.0395)

[node name="treefab132" parent="everything" instance=ExtResource("3_nv060")]
transform = Transform3D(-0.770249, 0, 0.637749, 0, 1, 0, -0.637749, 0, -0.770249, 61.7625, 0, -66.4976)

[node name="treefab133" parent="everything" instance=ExtResource("3_nv060")]
transform = Transform3D(0.719111, 0, 0.694897, 0, 1, 0, -0.694897, 0, 0.719111, 70.0759, 0, -58.0308)

[node name="treefab134" parent="everything" instance=ExtResource("3_nv060")]
transform = Transform3D(0.719111, 0, 0.694898, 0, 1, 0, -0.694898, 0, 0.719111, 74.5987, 0, -56.9334)

[node name="treefab135" parent="everything" instance=ExtResource("3_nv060")]
transform = Transform3D(0.0683653, 0, 0.998964, 0, 1.0013, 0, -0.998964, 0, 0.0683653, 77.687, 0, -81.9219)

[node name="treefab136" parent="everything" instance=ExtResource("3_nv060")]
transform = Transform3D(0.299524, 0, 0.95409, 0, 1, 0, -0.95409, 0, 0.299524, 23.4183, 0, -94.1081)

[node name="treefab137" parent="everything" instance=ExtResource("3_nv060")]
transform = Transform3D(0.638311, 0, 0.76978, 0, 1, 0, -0.76978, 0, 0.638311, 30.5997, 0, -84.2571)

[node name="treefab138" parent="everything" instance=ExtResource("3_nv060")]
transform = Transform3D(0.638311, 0, 0.76978, 0, 1, 0, -0.76978, 0, 0.638311, 10.0857, 0, -88.2173)

[node name="treefab139" parent="everything" instance=ExtResource("3_nv060")]
transform = Transform3D(-0.574121, 0, 0.818774, 0, 1, 0, -0.818774, 0, -0.574121, 23.5079, 0, -66.8403)

[node name="treefab140" parent="everything" instance=ExtResource("3_nv060")]
transform = Transform3D(0.605985, 0, 0.797112, 0, 1.0013, 0, -0.797112, 0, 0.605985, 19.5619, 0, -73.8048)

[node name="treefab141" parent="everything" instance=ExtResource("3_nv060")]
transform = Transform3D(-0.770249, 0, 0.637749, 0, 1, 0, -0.637749, 0, -0.770249, 20.5125, 0, -81.2629)

[node name="treefab142" parent="everything" instance=ExtResource("3_nv060")]
transform = Transform3D(0.719111, 0, 0.694897, 0, 1, 0, -0.694897, 0, 0.719111, 28.8259, 0, -72.7961)

[node name="treefab143" parent="everything" instance=ExtResource("3_nv060")]
transform = Transform3D(0.719111, 0, 0.694898, 0, 1, 0, -0.694898, 0, 0.719111, 33.3488, 0, -71.6987)

[node name="treefab144" parent="everything" instance=ExtResource("3_nv060")]
transform = Transform3D(0.0683653, 0, 0.998964, 0, 1.0013, 0, -0.998964, 0, 0.0683653, 36.6265, 0, -96.6872)

[node name="treefab145" parent="everything" instance=ExtResource("3_nv060")]
transform = Transform3D(0.299524, 0, 0.954091, 0, 1, 0, -0.954091, 0, 0.299524, 82.1363, 0, -37.0314)

[node name="treefab146" parent="everything" instance=ExtResource("3_nv060")]
transform = Transform3D(0.638311, 0, 0.76978, 0, 1, 0, -0.76978, 0, 0.638311, 106.932, 0, -27.1804)

[node name="treefab147" parent="everything" instance=ExtResource("3_nv060")]
transform = Transform3D(0.638311, 0, 0.76978, 0, 1, 0, -0.76978, 0, 0.638311, 105.078, 0, -31.1406)

[node name="treefab148" parent="everything" instance=ExtResource("3_nv060")]
transform = Transform3D(-0.574121, 0, 0.818774, 0, 1, 0, -0.818774, 0, -0.574121, 82.226, 0, -9.76357)

[node name="treefab149" parent="everything" instance=ExtResource("3_nv060")]
transform = Transform3D(0.605985, 0, 0.797112, 0, 1.0013, 0, -0.797112, 0, 0.605985, 78.28, 0, -16.7281)

[node name="treefab150" parent="everything" instance=ExtResource("3_nv060")]
transform = Transform3D(-0.770249, 0, 0.63775, 0, 1, 0, -0.63775, 0, -0.770249, 79.2306, 0, -24.1861)

[node name="treefab151" parent="everything" instance=ExtResource("3_nv060")]
transform = Transform3D(0.719111, 0, 0.694897, 0, 1, 0, -0.694897, 0, 0.719111, 87.544, 0, -15.7194)

[node name="treefab181" parent="everything" instance=ExtResource("3_nv060")]
transform = Transform3D(0.605985, 0, 0.797112, 0, 1.0013, 0, -0.797112, 0, 0.605985, 37.0113, 0, -99.856)

[node name="treefab182" parent="everything" instance=ExtResource("3_nv060")]
transform = Transform3D(-0.770249, 0, 0.63775, 0, 1, 0, -0.63775, 0, -0.770249, 37.9619, 0, -107.314)

[node name="treefab183" parent="everything" instance=ExtResource("3_nv060")]
transform = Transform3D(0.719112, 0, 0.694897, 0, 1, 0, -0.694897, 0, 0.719112, 46.2753, 0, -98.8473)

[node name="treefab184" parent="everything" instance=ExtResource("3_nv060")]
transform = Transform3D(0.605985, 0, 0.797112, 0, 1.0013, 0, -0.797112, 0, 0.605985, -8.0055, 0, -75.3245)

[node name="treefab185" parent="everything" instance=ExtResource("3_nv060")]
transform = Transform3D(-0.770249, 0, 0.63775, 0, 1, 0, -0.63775, 0, -0.770249, -7.05489, 0, -82.7826)

[node name="treefab186" parent="everything" instance=ExtResource("3_nv060")]
transform = Transform3D(0.719112, 0, 0.694897, 0, 1, 0, -0.694897, 0, 0.719112, 1.25851, 0, -74.3159)

[node name="treefab152" parent="everything" instance=ExtResource("3_nv060")]
transform = Transform3D(0.719111, 0, 0.694898, 0, 1, 0, -0.694898, 0, 0.719111, 92.0668, 0, -14.622)

[node name="treefab153" parent="everything" instance=ExtResource("3_nv060")]
transform = Transform3D(0.0683653, 0, 0.998964, 0, 1.0013, 0, -0.998964, 0, 0.0683653, 95.1551, 0, -39.6105)

[node name="treefab154" parent="everything" instance=ExtResource("3_nv060")]
transform = Transform3D(-0.755112, 0, -0.6556, 0, 1, 0, 0.6556, 0, -0.755112, -0.612078, 0, -41.0328)

[node name="treefab155" parent="everything" instance=ExtResource("3_nv060")]
transform = Transform3D(-0.947054, 0, -0.321077, 0, 1, 0, 0.321077, 0, -0.947054, -16.5668, 0, -62.4172)

[node name="treefab156" parent="everything" instance=ExtResource("3_nv060")]
transform = Transform3D(-0.947054, 0, -0.321077, 0, 1, 0, 0.321077, 0, -0.947054, -17.0636, 0, -58.0729)

[node name="treefab157" parent="everything" instance=ExtResource("3_nv060")]
transform = Transform3D(0.0598642, 0, -0.99821, 0, 1, 0, 0.99821, 0, 0.0598642, 13.6019, 0, -64.303)

[node name="treefab158" parent="everything" instance=ExtResource("3_nv060")]
transform = Transform3D(-0.933847, 0, -0.361296, 0, 1.0013, 0, 0.361296, 0, -0.933847, 13.3127, 0, -56.3035)

[node name="treefab159" parent="everything" instance=ExtResource("3_nv060")]
transform = Transform3D(0.32177, 0, -0.946822, 0, 1, 0, 0.946822, 0, 0.32177, 8.59453, 0, -50.4499)

[node name="treefab160" parent="everything" instance=ExtResource("3_nv060")]
transform = Transform3D(-0.976626, 0, -0.214956, 0, 1, 0, 0.214956, 0, -0.976626, 5.95146, 0, -62.0176)

[node name="treefab161" parent="everything" instance=ExtResource("3_nv060")]
transform = Transform3D(-0.976626, 0, -0.214957, 0, 1, 0, 0.214957, 0, -0.976626, 2.67456, 0, -65.3225)

[node name="treefab162" parent="everything" instance=ExtResource("3_nv060")]
transform = Transform3D(-0.581757, 0, -0.814962, 0, 1.0013, 0, 0.814962, 0, -0.581757, -13.0515, 0, -45.659)

[node name="treefab163" parent="everything" instance=ExtResource("3_nv060")]
transform = Transform3D(0.999973, 0, 0.00771457, 0, 1, 0, -0.00771457, 0, 0.999973, 112.331, 0, -62.7661)

[node name="treefab164" parent="everything" instance=ExtResource("3_nv060")]
transform = Transform3D(0.92852, 0, -0.371287, 0, 1, 0, 0.371287, 0, 0.92852, 110.565, 0, -36.1442)

[node name="treefab165" parent="everything" instance=ExtResource("3_nv060")]
transform = Transform3D(0.92852, 0, -0.371287, 0, 1, 0, 0.371287, 0, 0.92852, 113.765, 0, -39.1237)

[node name="treefab166" parent="everything" instance=ExtResource("3_nv060")]
transform = Transform3D(0.603085, 0, 0.797681, 0, 1, 0, -0.797681, 0, 0.603085, 86.4068, 0, -54.3129)

[node name="treefab167" parent="everything" instance=ExtResource("3_nv060")]
transform = Transform3D(0.944612, 0, -0.332132, 0, 1.0013, 0, 0.332132, 0, 0.944612, 91.8244, 0, -60.2058)

[node name="treefab168" parent="everything" instance=ExtResource("3_nv060")]
transform = Transform3D(0.370609, 0, 0.928794, 0, 1, 0, -0.928794, 0, 0.370609, 99.2143, 0, -61.5898)

[node name="treefab169" parent="everything" instance=ExtResource("3_nv060")]
transform = Transform3D(0.882046, 0, -0.471168, 0, 1, 0, 0.471168, 0, 0.882046, 93.7072, 0, -51.0792)

[node name="treefab170" parent="everything" instance=ExtResource("3_nv060")]
transform = Transform3D(0.882047, 0, -0.471168, 0, 1, 0, 0.471168, 0, 0.882047, 94.0508, 0, -46.4379)

[node name="treefab171" parent="everything" instance=ExtResource("3_nv060")]
transform = Transform3D(0.971744, 0, 0.24149, 0, 1.0013, 0, -0.24149, 0, 0.971744, 118.781, 0, -51.1669)

[node name="treefab172" parent="everything" instance=ExtResource("3_nv060")]
transform = Transform3D(0.999973, 0, 0.00771457, 0, 1, 0, -0.00771457, 0, 0.999973, 112.331, 0, -62.7661)

[node name="treefab173" parent="everything" instance=ExtResource("3_nv060")]
transform = Transform3D(0.92852, 0, -0.371287, 0, 1, 0, 0.371287, 0, 0.92852, 110.565, 0, -36.1442)

[node name="treefab174" parent="everything" instance=ExtResource("3_nv060")]
transform = Transform3D(0.92852, 0, -0.371287, 0, 1, 0, 0.371287, 0, 0.92852, 113.765, 0, -39.1237)

[node name="treefab175" parent="everything" instance=ExtResource("3_nv060")]
transform = Transform3D(0.603085, 0, 0.797681, 0, 1, 0, -0.797681, 0, 0.603085, 86.4068, 0, -54.3129)

[node name="treefab176" parent="everything" instance=ExtResource("3_nv060")]
transform = Transform3D(0.944612, 0, -0.332132, 0, 1.0013, 0, 0.332132, 0, 0.944612, 91.8244, 0, -60.2058)

[node name="treefab177" parent="everything" instance=ExtResource("3_nv060")]
transform = Transform3D(0.370609, 0, 0.928794, 0, 1, 0, -0.928794, 0, 0.370609, 99.2143, 0, -61.5898)

[node name="treefab178" parent="everything" instance=ExtResource("3_nv060")]
transform = Transform3D(0.882046, 0, -0.471168, 0, 1, 0, 0.471168, 0, 0.882046, 93.7072, 0, -51.0792)

[node name="treefab179" parent="everything" instance=ExtResource("3_nv060")]
transform = Transform3D(0.882047, 0, -0.471168, 0, 1, 0, 0.471168, 0, 0.882047, 94.0508, 0, -46.4379)

[node name="treefab180" parent="everything" instance=ExtResource("3_nv060")]
transform = Transform3D(0.971744, 0, 0.24149, 0, 1.0013, 0, -0.24149, 0, 0.971744, 118.781, 0, -51.1669)

[node name="treefab25" parent="everything" instance=ExtResource("3_nv060")]
transform = Transform3D(0.0588184, 0, -0.99827, 0, 1, 0, 0.99827, 0, 0.0588184, 49.9542, 0, 4.23213)

[node name="winner2" parent="everything" instance=ExtResource("2_68v48")]
transform = Transform3D(0.8, 0, 0, 0, 0.8, 0, 0, 0, 0.8, 58.0085, 9.06648, 12.1585)

[node name="treefab187" parent="everything" instance=ExtResource("3_nv060")]
transform = Transform3D(-0.535517, 0, -0.844525, 0, 1, 0, 0.844525, 0, -0.535517, 85.7152, 4.49135, -6.99393)

[node name="treefab188" parent="everything" instance=ExtResource("3_nv060")]
transform = Transform3D(-0.440636, 0, -0.899134, 0, 1.0013, 0, 0.899134, 0, -0.440636, 85.3302, 4.49135, 0.661939)

[node name="treefab189" parent="everything" instance=ExtResource("3_nv060")]
transform = Transform3D(-0.440636, 0, -0.899134, 0, 1.0013, 0, 0.899134, 0, -0.440636, 85.3302, 4.49135, 0.661939)

[node name="treefab190" parent="everything" instance=ExtResource("3_nv060")]
transform = Transform3D(0.0588949, 0, -0.999566, 0, 1.0013, 0, 0.999566, 0, 0.0588949, 81.0222, 4.49135, 4.77511)

[node name="treefab191" parent="everything" instance=ExtResource("3_nv060")]
transform = Transform3D(0.673337, 0, -0.739339, 0, 1, 0, 0.739339, 0, 0.673337, 86.4698, 4.49135, 7.48767)

[node name="treefab192" parent="everything" instance=ExtResource("3_nv060")]
transform = Transform3D(-0.499984, 0, -0.867536, 0, 1.0013, 0, 0.867536, 0, -0.499984, 91.2673, 4.49135, 13.8954)

[node name="treefab193" parent="everything" instance=ExtResource("3_nv060")]
transform = Transform3D(0.0588184, 0, -0.99827, 0, 1, 0, 0.99827, 0, 0.0588184, 96.8499, 4.49135, 4.23213)

[node name="treefab194" parent="everything" instance=ExtResource("3_nv060")]
transform = Transform3D(0.0588184, 0, -0.99827, 0, 1, 0, 0.99827, 0, 0.0588184, 96.8499, 4.49135, 4.23213)

[node name="winner3" parent="everything" instance=ExtResource("2_68v48")]
transform = Transform3D(0.8, 0, 0, 0, 0.8, 0, 0, 0, 0.8, -51.7472, 9.06648, 12.1585)

[node name="treefab195" parent="everything" instance=ExtResource("3_nv060")]
transform = Transform3D(-0.535517, 0, -0.844525, 0, 1, 0, 0.844525, 0, -0.535517, -24.0405, 4.49135, -6.99393)

[node name="treefab196" parent="everything" instance=ExtResource("3_nv060")]
transform = Transform3D(-0.440636, 0, -0.899134, 0, 1.0013, 0, 0.899134, 0, -0.440636, -24.4255, 4.49135, 0.661939)

[node name="treefab197" parent="everything" instance=ExtResource("3_nv060")]
transform = Transform3D(-0.440636, 0, -0.899134, 0, 1.0013, 0, 0.899134, 0, -0.440636, -24.4255, 4.49135, 0.661939)

[node name="treefab198" parent="everything" instance=ExtResource("3_nv060")]
transform = Transform3D(0.058895, 0, -0.999566, 0, 1.0013, 0, 0.999566, 0, 0.058895, -28.7335, 0.0854228, 4.77511)

[node name="treefab199" parent="everything" instance=ExtResource("3_nv060")]
transform = Transform3D(0.673337, 0, -0.739339, 0, 1, 0, 0.739339, 0, 0.673337, -23.2859, 4.49135, 7.48767)

[node name="treefab200" parent="everything" instance=ExtResource("3_nv060")]
transform = Transform3D(-0.499984, 0, -0.867536, 0, 1.0013, 0, 0.867536, 0, -0.499984, -18.4884, 4.49135, 13.8954)

[node name="treefab201" parent="everything" instance=ExtResource("3_nv060")]
transform = Transform3D(0.0588184, 0, -0.99827, 0, 1, 0, 0.99827, 0, 0.0588184, -12.9058, 4.49135, 4.23213)

[node name="treefab202" parent="everything" instance=ExtResource("3_nv060")]
transform = Transform3D(0.0588184, 0, -0.99827, 0, 1, 0, 0.99827, 0, 0.0588184, -12.9058, 4.49135, 4.23213)

[node name="winner4" parent="everything" instance=ExtResource("2_68v48")]
